5.0 12.0
4.2 11.4
4.2 10.4
3.4 10.8
3.4 9.8
2.6 10.2
2.6 9.2
1.8 9.6
1.8 8.6
1.0 9.0
1.0 8.0
3.4 8.8
2.6 8.2
1.8 7.6
1.0 7.0
2.6 7.2
1.8 6.6
1.0 6.0
1.8 5.6
1.0 5.0
1.0 4.0
5.0 9.8
4.2 8.2
3.4 6.6
2.6 5.0
1.8 3.4
5.0 7.6
4.2 6.0
3.4 4.4
2.6 2.8
5.0 5.4
4.2 3.8
3.4 2.2
5.0 3.2
4.2 1.6
5.0 0.999999999999999
5.8 10.4
5.8 8.2
5.8 6.0
5.8 3.8
5.8 1.6
6.6 8.8
6.6 6.6
6.6 4.4
6.6 2.2
7.4 7.2
7.4 5.0
7.4 2.8
8.2 5.6
8.2 3.4
9.0 4.0
5.8 11.4
6.6 9.8
7.4 8.2
8.2 6.6
9.0 5.0
6.6 10.8
7.4 9.2
8.2 7.6
9.0 6.0
7.4 10.2
8.2 8.6
9.0 7.0
8.2 9.6
9.0 8.0
9.0 9.0
